I
1050 Generated by WorldEditor

1   7818 1 0 KASE Aspen Pitkin Co Sardy Fld
100 30.48 1 1 0.25 0 2 0 15  39.23263009 -106.87341165    0   91 2 9 0 0 33  39.21204045 -106.86355289    0    0 2 0 0 1
110 2 2.50 0.0000 New Taxiway 7
111  39.22351245 -106.86658493
112  39.22364830 -106.86671545  39.22367202 -106.86673076
111  39.22377857 -106.86676670
112  39.22388775 -106.86679392  39.22389918 -106.86679737
112  39.22396963 -106.86682435  39.22397646 -106.86682804
112  39.22399941 -106.86684997  39.22400743 -106.86686152
111  39.22399941 -106.86684997
112  39.22399941 -106.86684997  39.22399941 -106.86685000
112  39.22400283 -106.86685667  39.22400308 -106.86685720
111  39.22400283 -106.86685667
112  39.22400283 -106.86685667  39.22400493 -106.86686127
112  39.22401620 -106.86689657  39.22402025 -106.86691551
111  39.22401620 -106.86689657
112  39.22401620 -106.86689657  39.22401897 -106.86690832
112  39.22401244 -106.86695727  39.22401041 -106.86696442
112  39.22399445 -106.86698850  39.22398839 -106.86699530
112  39.22396095 -106.86701573  39.22395095 -106.86702014
111  39.22391008 -106.86702454
111  39.22386294 -106.86702854
111  39.22380463 -106.86701573
111  39.22375996 -106.86699010
111  39.22373391 -106.86697009
111  39.22365265 -106.86687400
111  39.22362225 -106.86683316
112  39.22359061 -106.86676830  39.22357444 -106.86674827
112  39.22354912 -106.86672573  39.22353458 -106.86671371
111  39.22348888 -106.86668822
114  39.22343761 -106.86666792  39.22342797 -106.86667383
110 2 0.00 69.0000 Fire Rescue ramp
111  39.22203427 -106.87043522 20
111  39.22207153 -106.87030588 20
111  39.22214948 -106.87004977 20
111  39.22198033 -106.86996637 20
111  39.22200748 -106.86987360 20
111  39.22226306 -106.87000539 20
111  39.22208073 -106.87062392 20
111  39.22196296 -106.87056309 20
113  39.22200700 -106.87042286 20
110 2 0.00 249.0000 Fire_Rescue ramp
111  39.22191499 -106.87019197
111  39.22158467 -106.87003468
111  39.22167569 -106.86971063
111  39.22171239 -106.86972958
111  39.22201189 -106.86870057
111  39.22197680 -106.86849680
111  39.22219101 -106.86860283
111  39.22207208 -106.86872710
111  39.22179461 -106.86967463
111  39.22184012 -106.86979970
113  39.22200748 -106.86987360
110 3 0.00 249.0000 Ops grass
111  39.22307142 -106.86690551 20
111  39.22304634 -106.86691853 20
111  39.22302471 -106.86684045 20
113  39.22304880 -106.86682903 20
110 3 0.00 249.0000 Ops grass
111  39.22303420 -106.86676425 20
111  39.22300912 -106.86677727 20
111  39.22298748 -106.86669919 20
113  39.22301158 -106.86668777 20
110 2 0.00 159.0000 Terminal concrete
111  39.21964493 -106.86495088 20
111  39.21956866 -106.86503169 20
111  39.21930458 -106.86445399 20
111  39.21900996 -106.86431374 20
111  39.21903802 -106.86420415 20
113  39.21936973 -106.86432675 20
110 1 0.00 249.0000 Ops Parking lot
111  39.22317914 -106.86646130
111  39.22277299 -106.86625745
111  39.22291503 -106.86581036
112  39.22307727 -106.86594073  39.22312275 -106.86598993
112  39.22319260 -106.86618380  39.22320130 -106.86624206
113  39.22319912 -106.86631416
110 1 0.25 249.0000 Taxiway A1
111  39.22877127 -106.87047255
111  39.22916078 -106.87065731 102
112  39.22913931 -106.87073208  39.22913942 -106.87073233
111  39.22913931 -106.87073208
112  39.22913931 -106.87073208  39.22910754 -106.87084418 102
112  39.22904485 -106.87126515  39.22906194 -106.87146541 102
111  39.22915684 -106.87155101
111  39.22845051 -106.87121330 102
112  39.22874368 -106.87118452  39.22887120 -106.87111494 102
114  39.22893339 -106.87069344  39.22894114 -106.87057979 102
110 1 0.25 249.0000 Taxiway A2
111  39.22611080 -106.86919330 102
112  39.22587955 -106.86924175  39.22584838 -106.86928486 102
112  39.22581666 -106.86954909  39.22581443 -106.86976175 102
111  39.22599244 -106.87004142
111  39.22518650 -106.86965597 102
112  39.22558967 -106.86946836  39.22568574 -106.86927192 102
111  39.22565911 -106.86914245
112  39.22565911 -106.86914245  39.22564434 -106.86902715 102
113  39.22539957 -106.86884612
110 1 0.00 249.0000 New Taxiway 5
112  39.21875890 -106.86648108  39.21877563 -106.86639007 102
112  39.21861718 -106.86606110  39.21857333 -106.86595313 102
112  39.21832124 -106.86555185  39.21825945 -106.86550252 102
111  39.21804144 -106.86531142
111  39.21930281 -106.86591738 102
111  39.21895938 -106.86585536 102
112  39.21884851 -106.86604394  39.21883446 -106.86621282
111  39.21884851 -106.86604394
112  39.21884851 -106.86604394  39.21885511 -106.86605856 102
112  39.21892573 -106.86632922  39.21902894 -106.86659427 102
111  39.21939195 -106.86688666
113  39.21865726 -106.86653539
110 1 0.25 249.0000 Taxiway A9
111  39.21260202 -106.86278850 102
112  39.21237150 -106.86312248  39.21233101 -106.86328485 102
111  39.21235832 -106.86352139
111  39.21208798 -106.86339069 102
113  39.21230862 -106.86264613
110 1 0.25 249.0000 Taxiway A7 A8
112  39.21500458 -106.86403528  39.21493779 -106.86409371 102
112  39.21491242 -106.86423852  39.21490055 -106.86429024 102
112  39.21489925 -106.86452481  39.21491706 -106.86465028 102
111  39.21508500 -106.86482738
112  39.21410055 -106.86435078  39.21430031 -106.86440075 102
112  39.21436382 -106.86371770  39.21436136 -106.86364368
111  39.21436382 -106.86371770
112  39.21436382 -106.86371770  39.21436474 -106.86365271 102
111  39.21432471 -106.86359951
114  39.21515590 -106.86397638  39.21515590 -106.86397730 102
112  39.21452234 -106.86445602  39.21465179 -106.86450553
111  39.21452234 -106.86445602
112  39.21452234 -106.86445602  39.21464807 -106.86449935 102
112  39.21474853 -106.86417992  39.21478462 -106.86408714 102
112  39.21471209 -106.86382890  39.21464646 -106.86378220 102
112  39.21458171 -106.86384548  39.21455900 -106.86387180
111  39.21458171 -106.86384548
112  39.21458171 -106.86384548  39.21452158 -106.86389159 102
113  39.21445906 -106.86418899 102
110 1 0.25 200.0000 Taxiway B 8-9
111  39.21199105 -106.86372111
112  39.21267925 -106.86404989  39.21267600 -106.86405332 102
112  39.21248002 -106.86445422  39.21238582 -106.86476694
111  39.21248002 -106.86445422
112  39.21248002 -106.86445422  39.21239429 -106.86474401 102
112  39.21208575 -106.86452568  39.21182910 -106.86441498 102
112  39.21184913 -106.86422945  39.21184984 -106.86418376
111  39.21184913 -106.86422945
114  39.21184913 -106.86422945  39.21191056 -106.86402254 102
112  39.21234873 -106.86390030  39.21220392 -106.86383512
112  39.21221194 -106.86383530  39.21214961 -106.86380593 102
112  39.21205982 -106.86423503  39.21206997 -106.86432279 102
114  39.21229801 -106.86434290  39.21235822 -106.86427924 102
110 1 0.25 249.0000 Taxiway A4
111  39.21972171 -106.86704558 102
112  39.22019307 -106.86672349  39.22032628 -106.86643463 102
111  39.22010386 -106.86630182
111  39.22070059 -106.86658190 102
112  39.22036546 -106.86680129  39.22034438 -106.86710471
111  39.22036546 -106.86680129
112  39.22036546 -106.86680129  39.22034020 -106.86717602 102
113  39.22052820 -106.86743146
110 1 0.25 249.0000 Taxiway A3
111  39.22262090 -106.86843109 102
112  39.22275970 -106.86839700  39.22283881 -106.86836878
111  39.22275970 -106.86839700
112  39.22275970 -106.86839700  39.22286887 -106.86835805 102
112  39.22309226 -106.86810901  39.22316950 -106.86794151
111  39.22309226 -106.86810901
112  39.22309226 -106.86810901  39.22322547 -106.86782014 102
111  39.22300305 -106.86768734
111  39.22359978 -106.86796741 102
112  39.22326465 -106.86818680  39.22324357 -106.86849022
111  39.22326465 -106.86818680
112  39.22326465 -106.86818680  39.22323939 -106.86856154 102
113  39.22342739 -106.86881698
110 1 0.25 249.0000 Taxiway A6
111  39.21635032 -106.86543261 102
112  39.21682168 -106.86511052  39.21695489 -106.86482166 102
111  39.21673247 -106.86468886
111  39.21732920 -106.86496893 102
112  39.21699406 -106.86518832  39.21697299 -106.86549174
111  39.21699406 -106.86518832
112  39.21699406 -106.86518832  39.21696881 -106.86556306 102
113  39.21715681 -106.86581850
110 1 0.25 159.0000 Main Ramp
111  39.22359985 -106.86796753
111  39.22330143 -106.86782742
111  39.22300301 -106.86768732 102
111  39.22185188 -106.86713492 102
111  39.22070075 -106.86658251
111  39.22040227 -106.86644215
111  39.22010379 -106.86630179 102
111  39.21929128 -106.86591749
111  39.21804144 -106.86531142 102
111  39.21732989 -106.86496952
111  39.21673297 -106.86468919 102
111  39.21516820 -106.86398289
111  39.21431827 -106.86359663 102
111  39.21262066 -106.86279487
111  39.21230836 -106.86265356 102
112  39.21237659 -106.86252670  39.21242066 -106.86246862 102
112  39.21256418 -106.86246408  39.21264375 -106.86250692
111  39.21256418 -106.86246408
112  39.21256418 -106.86246408  39.21281764 -106.86258221 102
112  39.21351278 -106.86291906  39.21383712 -106.86307441 102
112  39.21418253 -106.86321714  39.21425008 -106.86323067
111  39.21418253 -106.86321714
112  39.21418253 -106.86321714  39.21425008 -106.86323067 102
112  39.21435251 -106.86299361  39.21439977 -106.86286846 102
112  39.21447497 -106.86269052  39.21451084 -106.86265100
111  39.21447497 -106.86269052
112  39.21447497 -106.86269052  39.21451084 -106.86265100 102
112  39.21460238 -106.86264229  39.21464367 -106.86264288 102
111  39.21467598 -106.86265335 102
111  39.21499133 -106.86279965 102
111  39.21530667 -106.86294594 102
111  39.21528632 -106.86304160 102
111  39.21526598 -106.86313725 102
111  39.21541856 -106.86352738 102
111  39.21557115 -106.86391750 102
112  39.21660318 -106.86440510  39.21712158 -106.86464954 102
112  39.21766378 -106.86490033  39.21768282 -106.86490540
111  39.21766378 -106.86490033
112  39.21766378 -106.86490033  39.21768282 -106.86490540 102
112  39.21772899 -106.86487157  39.21775089 -106.86485070 102
112  39.21778003 -106.86479529  39.21778963 -106.86476868
111  39.21778003 -106.86479529
112  39.21778003 -106.86479529  39.21778963 -106.86476868 102
112  39.21800043 -106.86399282  39.21811374 -106.86361309 102
112  39.21831581 -106.86328881  39.21838873 -106.86332784
111  39.21831581 -106.86328881
112  39.21831581 -106.86328881  39.21838873 -106.86332784 102
112  39.21867947 -106.86364101  39.21882979 -106.86378879
112  39.21910248 -106.86388748  39.21921497 -106.86385602
111  39.21910248 -106.86388748
112  39.21910248 -106.86388748  39.21921497 -106.86385602
112  39.21963211 -106.86443533  39.21982971 -106.86471273
112  39.22003000 -106.86483616  39.22005466 -106.86470669
111  39.22003000 -106.86483616
112  39.22003000 -106.86483616  39.22002438 -106.86483595
112  39.22029438 -106.86499344  39.22043735 -106.86507089
112  39.22065451 -106.86513525  39.22071274 -106.86512473
111  39.22065451 -106.86513525
112  39.22065451 -106.86513525  39.22081172 -106.86515028 102
112  39.22112891 -106.86497692  39.22127965 -106.86488987 102
112  39.22150899 -106.86481409  39.22160331 -106.86482611
111  39.22150899 -106.86481409
112  39.22150899 -106.86481409  39.22160331 -106.86482611 102
112  39.22234367 -106.86536969  39.22270505 -106.86564332 102
112  39.22307266 -106.86594730  39.22309653 -106.86597400
111  39.22307266 -106.86594730
112  39.22307266 -106.86594730  39.22309653 -106.86597400
112  39.22313292 -106.86604271  39.22315052 -106.86608118
112  39.22318601 -106.86618740  39.22320510 -106.86624695
111  39.22318601 -106.86618740
112  39.22318601 -106.86618740  39.22320510 -106.86624695
112  39.22318443 -106.86642221  39.22317239 -106.86650299
112  39.22324058 -106.86671041  39.22329925 -106.86674239
112  39.22336930 -106.86681270  39.22349870 -106.86691737
111  39.22336930 -106.86681270
112  39.22336930 -106.86681270  39.22344778 -106.86687465 102
112  39.22355398 -106.86692852  39.22366136 -106.86698373 102
112  39.22387368 -106.86706593  39.22403763 -106.86708187
111  39.22387368 -106.86706593
112  39.22387368 -106.86706593  39.22396749 -106.86707014 102
112  39.22401929 -106.86701433  39.22404797 -106.86700197 102
111  39.22409864 -106.86703529 102
112  39.22430428 -106.86711551  39.22444210 -106.86717603 102
112  39.22492988 -106.86744060  39.22520984 -106.86760385
111  39.22492988 -106.86744060
112  39.22492988 -106.86744060  39.22520984 -106.86760385
112  39.22556419 -106.86774125  39.22570637 -106.86778955
111  39.22577856 -106.86779703
112  39.22590802 -106.86786523  39.22597951 -106.86789985
112  39.22611860 -106.86793960  39.22617269 -106.86794370
111  39.22611860 -106.86793960
112  39.22611860 -106.86793960  39.22617269 -106.86794370 102
112  39.22623331 -106.86786221  39.22626323 -106.86782070 102
112  39.22634198 -106.86778467  39.22639288 -106.86778262
111  39.22634198 -106.86778467
112  39.22634198 -106.86778467  39.22639288 -106.86778262 102
112  39.22798409 -106.86854357  39.22878036 -106.86892326 102
112  39.22961184 -106.86935416  39.22964763 -106.86940857
111  39.22961184 -106.86935416
112  39.22961184 -106.86935416  39.22964763 -106.86940857 102
112  39.22954828 -106.86987237  39.22948985 -106.87009721 102
112  39.22938292 -106.87029845  39.22934872 -106.87029640
111  39.22938292 -106.87029845
112  39.22938292 -106.87029845  39.22934872 -106.87029640 102
112  39.22931630 -106.87028935  39.22930246 -106.87028716 102
112  39.22927815 -106.87029632  39.22926293 -106.87030499
111  39.22927815 -106.87029632
112  39.22927815 -106.87029632  39.22926293 -106.87030499 102
112  39.22920729 -106.87048504  39.22918137 -106.87057399 102
111  39.22915926 -106.87066076
111  39.22877014 -106.87047514 102
111  39.22610118 -106.86918934
113  39.22542013 -106.86886603 102
130 Airport Boundary
111  39.20910384 -106.86541496
112  39.20628308 -106.86300613  39.20611510 -106.86166612
111  39.20727872 -106.86040165
111  39.20892807 -106.86141374
112  39.21239414 -106.86178349  39.21429869 -106.86154660
111  39.21763073 -106.86206778
111  39.22022126 -106.86328365
111  39.22919415 -106.86847426
111  39.23385182 -106.87188579
113  39.23314943 -106.87565170
120 Linear Feature 5
111  39.22042511 -106.86603726 59
111  39.22054240 -106.86562952 59
115  39.22037706 -106.86503786
120 Linear Feature 4
111  39.21786086 -106.86483063 59
115  39.21831692 -106.86328963
120 GA_Linear Feature 1
111  39.22960913 -106.86959888 20
115  39.22626104 -106.86808095
120 GA_Linear Feature 1
111  39.22960849 -106.86960106 20
115  39.22626040 -106.86808313
120 GA_Linear Feature 1
111  39.22950724 -106.87002079 20
115  39.22613618 -106.86850884
120 GA_Linear Feature 1
111  39.22950691 -106.87002191 20
115  39.22613554 -106.86851074
120 Linear Feature 1
112  39.21273181 -106.86388367  39.21247106 -106.86387931 51
112  39.21213376 -106.86444188  39.21177448 -106.86427799 51
116  39.21237029 -106.86371183  39.21267987 -106.86378107
120 Linear Feature 2
111  39.22195822 -106.86691029 51
111  39.22195062 -106.86675501 51
115  39.21778077 -106.86479307
120 Linear Feature 1
111  39.22924079 -106.87037471 51
115  39.22195822 -106.86691029
120 Linear Feature 11
111  39.21849437 -106.86664512 51
116  39.21876144 -106.86611549  39.21851504 -106.86540854
120 Linear Feature 6
111  39.22810004 -106.87004285
116  39.22780021 -106.86956650  39.22783857 -106.86938691
120 Linear Feature 5
111  39.22810004 -106.87004285
116  39.22802333 -106.86965378  39.22812184 -106.86941433
120 Linear Feature 4
111  39.22807955 -106.87003171
115  39.22802999 -106.86961486
120 Linear Feature 2
111  39.21450408 -106.86304289 1
111  39.21450081 -106.86303897 1
115  39.21449767 -106.86303533
120 Linear Feature 1
111  39.21478846 -106.86315672 1
111  39.21478691 -106.86315442 1
115  39.21478524 -106.86315204
120 Linear Feature 21
111  39.21442274 -106.86407877 51
116  39.21476706 -106.86367713  39.21496685 -106.86376943
120 Linear Feature 20
112  39.21443537 -106.86469915  39.21434008 -106.86466027 51
112  39.21442274 -106.86407877  39.21457268 -106.86359973 51
115  39.21427934 -106.86343919
120 Linear Feature 17
111  39.21519360 -106.86324046 51
116  39.21450081 -106.86303897  39.21414094 -106.86351112
120 Linear Feature 15
111  39.21589324 -106.86420853 51
112  39.21541995 -106.86377936  39.21529236 -106.86354501
111  39.21541995 -106.86377936
112  39.21541995 -106.86377936  39.21535616 -106.86366218 51
112  39.21519360 -106.86324046  39.21509730 -106.86306733 51
116  39.21478691 -106.86315442  39.21460288 -106.86333916
120 Linear Feature 14
112  39.21444719 -106.86470441  39.21451600 -106.86473759 51
112  39.21483096 -106.86421733  39.21493244 -106.86374114 51
115  39.21476706 -106.86367713
120 Linear Feature 13
112  39.21504410 -106.86499062  39.21491193 -106.86492878 51
112  39.21483096 -106.86421733  39.21492257 -106.86381357 51
115  39.21530732 -106.86393218
120 Linear Feature 12
112  39.21807986 -106.86524283  39.21849252 -106.86550578 51
116  39.21876144 -106.86611549  39.21896580 -106.86672640
120 Linear Feature 11
112  39.21935823 -106.86705492  39.21916229 -106.86694767 51
112  39.21876144 -106.86611549  39.21856542 -106.86550126 51
116  39.21929976 -106.86582735  39.21954513 -106.86592146
120 Linear Feature 9
112  39.21957588 -106.86715938  39.21979619 -106.86726715 51
112  39.22028448 -106.86677184  39.22039146 -106.86644337 51
116  39.22003958 -106.86618190  39.21986895 -106.86609200
120 Linear Feature 8
112  39.22070349 -106.86769887  39.22041014 -106.86754595 51
112  39.22028448 -106.86677184  39.22041214 -106.86639880 51
116  39.22077376 -106.86653364  39.22096529 -106.86657859
120 Linear Feature 7
112  39.22291459 -106.86755951  39.22308054 -106.86765720 51
112  39.22319401 -106.86813278  39.22310537 -106.86846834 51
116  39.22237825 -106.86850038  39.22201419 -106.86835130
120 Linear Feature 6
111  39.22366735 -106.86792008 51
112  39.22319401 -106.86813278  39.22309692 -106.86852462 51
116  39.22352979 -106.86905112  39.22380490 -106.86919959
120 Ramp Taxi border
111  39.22920735 -106.87048443 58
115  39.21768215 -106.86490287
120 Taxi route A2
112  39.22607810 -106.86907509  39.22588606 -106.86900835 51
115  39.22577300 -106.86919133
120 Taxi route A2
112  39.22577300 -106.86919133  39.22578242 -106.86914711 51
116  39.22557790 -106.86883549  39.22544450 -106.86877036
120 Taxi route A1
112  39.22834889 -106.87135772  39.22875912 -106.87151885 51
115  39.22892438 -106.87111458
120 Taxi route A2
112  39.22514721 -106.86982518  39.22550967 -106.86998666 51
115  39.22566963 -106.86957388
120 GA taxiway
112  39.22586429 -106.86885479  39.22598052 -106.86852910 51
112  39.22633071 -106.86865211  39.22660888 -106.86876334 51
112  39.22877597 -106.86978016  39.22921163 -106.86999373 51
116  39.22913801 -106.87031403  39.22910676 -106.87049200
120 Long taxiway A
111  39.22898090 -106.87089872 51
112  39.22884693 -106.87040209  39.22863148 -106.87029059
111  39.22884693 -106.87040209
112  39.22884693 -106.87040209  39.22882256 -106.87038680 51
112  39.22810004 -106.87004285  39.22764824 -106.86982563
111  39.22810004 -106.87004285
112  39.22810004 -106.87004285  39.22787414 -106.86993424 51
112  39.22729347 -106.86965657  39.22698427 -106.86950893 51
112  39.22626090 -106.86916269  39.22626019 -106.86916239
111  39.22626090 -106.86916269
112  39.22626090 -106.86916269  39.22626011 -106.86916226 51
112  39.22607810 -106.86907509  39.22598022 -106.86902866 51
112  39.22557790 -106.86883549  39.22547794 -106.86878792
111  39.22557790 -106.86883549
112  39.22557790 -106.86883549  39.22537525 -106.86873949 51
112  39.22505766 -106.86858668  39.22484267 -106.86848507
111  39.22505766 -106.86858668
112  39.22505766 -106.86858668  39.22462768 -106.86838346 51
112  39.22366735 -106.86792008  39.22319938 -106.86769970
111  39.22366735 -106.86792008
112  39.22366735 -106.86792008  39.22343336 -106.86780989 51
112  39.22291459 -106.86755951  39.22267396 -106.86744635 51
112  39.22222722 -106.86722990  39.22198185 -106.86711465
111  39.22222722 -106.86722990
112  39.22222722 -106.86722990  39.22173648 -106.86699941 51
112  39.22077376 -106.86653364  39.22027546 -106.86630007
111  39.22077376 -106.86653364
112  39.22077376 -106.86653364  39.22052461 -106.86641686 51
112  39.22003958 -106.86618190  39.21980154 -106.86606348 51
112  39.21929976 -106.86582735  39.21905444 -106.86571255
111  39.21929976 -106.86582735
112  39.21929976 -106.86582735  39.21894011 -106.86565229 51
112  39.21807986 -106.86524283  39.21761206 -106.86502422
111  39.21807986 -106.86524283
112  39.21807986 -106.86524283  39.21784596 -106.86513352 51
112  39.21731125 -106.86487729  39.21729200 -106.86486742 51
112  39.21589324 -106.86420853  39.21569073 -106.86411407 51
112  39.21530732 -106.86393218  39.21511909 -106.86384443
111  39.21530732 -106.86393218
112  39.21530732 -106.86393218  39.21511909 -106.86384443 51
112  39.21476706 -106.86367713  39.21459828 -106.86359188 51
111  39.21427934 -106.86343919
112  39.21427934 -106.86343919  39.21397135 -106.86329582 51
112  39.21264773 -106.86265797  39.21262513 -106.86264841
111  39.21264773 -106.86265797
112  39.21264773 -106.86265797  39.21241872 -106.86255199 51
112  39.21227675 -106.86307194  39.21216759 -106.86339819 51
116  39.21237029 -106.86371183  39.21245227 -106.86374571
120 Taxi route A1
112  39.22919591 -106.87176311  39.22908072 -106.87169628 51
112  39.22892438 -106.87111458  39.22901505 -106.87076494
111  39.22892438 -106.87111458
112  39.22892438 -106.87111458  39.22894705 -106.87102717 51
112  39.22898090 -106.87089872  39.22899611 -106.87084132 51
112  39.22901684 -106.87076474  39.22902579 -106.87073191
111  39.22901684 -106.87076474
112  39.22901684 -106.87076474  39.22903473 -106.87069909 51
111  39.22904129 -106.87067714 51
112  39.22913801 -106.87031403  39.22918605 -106.87011758 51
112  39.22923084 -106.86977210  39.22922824 -106.86965289
111  39.22923084 -106.86977210
112  39.22923084 -106.86977210  39.22922565 -106.86953367 51
111  39.22906069 -106.86945485 51
112  39.22655234 -106.86827927  39.22641571 -106.86822685 51
112  39.22600772 -106.86834896  39.22590827 -106.86868293
111  39.22600772 -106.86834896
112  39.22600772 -106.86834896  39.22595800 -106.86851594 51
112  39.22586429 -106.86885479  39.22582365 -106.86900335 51
111  39.22579544 -106.86911015 51
112  39.22577300 -106.86919133  39.22575504 -106.86925703 51
112  39.22566963 -106.86957388  39.22561568 -106.86977479
111  39.22566963 -106.86957388
112  39.22566963 -106.86957388  39.22556172 -106.86997571 51
115  39.22586325 -106.87016834
120 Hold B9
111  39.21206540 -106.86416146 54
115  39.21189494 -106.86407544
120 Hold B8
111  39.21250588 -106.86437545 54
115  39.21233487 -106.86428963
120 Hold A8
111  39.21436361 -106.86370743 54
111  39.21452814 -106.86373968 54
115  39.21458046 -106.86384172
120 Hold A7
111  39.21470833 -106.86382371 54
111  39.21495481 -106.86393776 54
115  39.21500481 -106.86403455
120 Hold A6
111  39.21686343 -106.86491265 54
111  39.21698941 -106.86488821 54
115  39.21706927 -106.86501999
120 Hold A5
111  39.21223777 -106.86288229 54
115  39.21244048 -106.86297683
120 Hold A5
111  39.21832152 -106.86555215 54
115  39.21895893 -106.86585476
120 Hold A3
111  39.22313473 -106.86792730 54
111  39.22324869 -106.86790173 54
115  39.22333885 -106.86801040
120 Hold A4
111  39.22023451 -106.86653161 54
111  39.22035444 -106.86651760 54
115  39.22043637 -106.86663334
120 Hold A2
111  39.22566130 -106.86914433 54
111  39.22579471 -106.86911256 54
115  39.22588127 -106.86924377
120 Hold A1
111  39.22893173 -106.87069694 54
111  39.22902106 -106.87068332 54
115  39.22913964 -106.87073878
120 Taxi route A6
112  39.21716505 -106.86600574  39.21708037 -106.86596666 51
112  39.21693120 -106.86572420  39.21686618 -106.86556121 51
112  39.21690316 -106.86516707  39.21694443 -106.86495611
111  39.21690316 -106.86516707
112  39.21690316 -106.86516707  39.21698571 -106.86474516 51
115  39.21731125 -106.86487729
120 Taxi route A6
112  39.21624841 -106.86556718  39.21633250 -106.86561925 51
116  39.21690316 -106.86516707  39.21700486 -106.86467415
120 Ramp parking zone
111  39.22923971 -106.87037804 52
111  39.22195654 -106.86691376 52
111  39.22194905 -106.86675915 52
115  39.21778003 -106.86479529
21  39.23053413 -106.87188867 2 159.7100 3.50 15  PAPI-4L
20  39.21212755 -106.86413240 68.2400 0 2 {@L}B9{@R}33-15
20  39.21255543 -106.86435969 55.1700 0 2 {@L}B8{@R}33-15
20  39.21249050 -106.86304562 242.6000 0 2 {@L}A9{@R}33
20  39.21183946 -106.86401993 82.8800 0 2 {@L}B9{@R}33-15
20  39.21229185 -106.86422726 56.3000 0 2 {@L}B8{@R}33-15
20  39.21216246 -106.86285224 240.1400 0 2 {@L}A9{@R}33
20  39.21461738 -106.86389118 223.1400 0 2 {@L}A8{@R}33-15
20  39.21470275 -106.86394286 252.2100 0 2 {@L}A7{@R}33-15
20  39.21430118 -106.86375316 264.0300 0 2 {@L}A8{@R}33-15
20  39.21679606 -106.86495432 275.0400 0 2 {@L}A6{@R}33-15
20  39.21834637 -106.86580733 277.0500 0 2 {@L}A5{@R}33-15
20  39.22018186 -106.86655763 275.5200 0 2 {@L}A4{@R}33-15
20  39.22309035 -106.86794500 266.8800 0 2 {@L}A3{@R}33-15
20  39.22559812 -106.86917681 268.6400 0 2 {@L}A2{@R}33-15
20  39.21501957 -106.86411077 213.6200 0 2 {@L}A7{@R}33-15
20  39.21710217 -106.86510242 220.8700 0 2 {@L}A6{@R}33-15
20  39.21899412 -106.86595872 226.6200 0 2 {@L}A5{@R}33-15
20  39.22046058 -106.86668892 221.6500 0 2 {@L}A4{@R}33-15
20  39.22335854 -106.86805578 225.3600 0 2 {@L}A3{@R}33-15
20  39.22590939 -106.86929987 233.5400 0 2 {@L}A2{@R}33-15
20  39.22916874 -106.87075233 249.4400 0 2 {@L}A1{@R}33-15
20  39.22888300 -106.87070226 260.8700 0 2 {@L}A1{@R}33-15
20  39.21239102 -106.86313044 71.4400 0 2 {@Y}{^l}A
20  39.21453931 -106.86407139 71.4400 0 2 {@Y}{^l}A{^r}
20  39.21494708 -106.86425619 71.4400 0 2 {@Y}{^l}A{^r}
20  39.21703572 -106.86521507 71.4400 0 2 {@Y}{^l}A{^r}
20  39.21888883 -106.86609470 94.8000 0 2 {@Y}{^l}A{^r}
20  39.22039535 -106.86676071 69.7000 0 2 {@Y}{^l}A{^r}
20  39.22329764 -106.86814803 69.7000 0 2 {@Y}{^l}A{^r}
20  39.22585063 -106.86938103 69.7000 0 2 {@Y}{^l}A{^r}
20  39.22910153 -106.87092404 69.7000 0 2 {@Y}{^r}A
20  39.21229789 -106.86393901 157.2200 0 2 {@Y}{^r}B9
20  39.21225960 -106.86392069 339.0400 0 2 {@Y}{^l}B8
20  39.21277617 -106.86417428 162.0000 0 2 {@Y}{^r}B8
20  39.21414180 -106.86356588 340.2300 0 2 {@Y}{^l}A8
20  39.21661708 -106.86471570 340.2300 0 2 {@Y}{^l}A6
20  39.21793002 -106.86534497 340.2300 0 2 {@Y}{^l}A5
20  39.21997647 -106.86631829 340.2300 0 2 {@Y}{^l}A4
20  39.22287765 -106.86769976 340.2300 0 2 {@Y}{^l}A3
20  39.22533747 -106.86887471 340.2300 0 2 {@Y}{^l}A2
20  39.21280629 -106.86297099 158.3500 0 2 {@Y}{^r}A9
20  39.21527338 -106.86407347 158.3500 0 2 {@Y}{^r}A7
20  39.21744394 -106.86510817 158.3500 0 2 {@Y}{^r}A6
20  39.21939545 -106.86604078 158.3500 0 2 {@Y}{^r}A5
20  39.22073137 -106.86668181 158.3500 0 2 {@Y}{^r}A4
20  39.22362674 -106.86805830 158.3500 0 2 {@Y}{^r}A3
20  39.22616163 -106.86926864 158.3500 0 2 {@Y}{^r}A2
20  39.21398170 -106.86422518 340.2300 0 2 {@Y}{^r}A8
20  39.21623677 -106.86530235 340.2300 0 2 {@Y}{^r}A6
20  39.21855913 -106.86641185 340.2300 0 2 {@Y}{^r}A5
20  39.21970516 -106.86696084 340.2300 0 2 {@Y}{^r}A4
20  39.22259487 -106.86834295 340.2300 0 2 {@Y}{^r}A3
20  39.22514411 -106.86956108 340.2300 0 2 {@Y}{^r}A2
20  39.21255267 -106.86353979 160.3900 0 2 {@Y}{^l}A9
20  39.21524058 -106.86482531 159.7500 0 2 {@Y}{^l}A7
20  39.21732537 -106.86582368 159.7500 0 2 {@Y}{^l}A6
20  39.21943745 -106.86683201 159.7500 0 2 {@Y}{^l}A5
20  39.22062199 -106.86739848 159.7500 0 2 {@Y}{^l}A4
20  39.22356929 -106.86880837 159.7500 0 2 {@Y}{^l}A3
20  39.22611476 -106.87002478 159.7500 0 2 {@Y}{^l}A2
20  39.22841099 -106.87112436 339.9700 0 2 {@Y}{^r}A1
20  39.22871210 -106.87048647 339.9700 0 2 {@Y}{^l}A1
20  39.22921526 -106.87150867 159.7500 0 2 {@Y}{^l}A1
14  39.22580569 -106.86850088  82.02 0 New Tower Viewpoint 1
1300  39.21838909 -106.86464145 -111.80 gate turboprops Terminal Ramp Start
1301 C none 
1300  39.22409162 -106.86747963 -202.89 hangar jets Hanger Ramp Start
1301 C none 
1300  39.22731793 -106.86934830 248.96 tie_down turboprops|props GA 1 Ramp Start
1301 C none 
1300  39.22756132 -106.86945885 -109.68 tie_down turboprops|props GA 2 Ramp Start
1301 C none 
1300  39.22244719 -106.86616839 -112.83 tie_down jets|turboprops Ops Ramp Start
1301 C none 
1300  39.21972947 -106.86529545 161.04 gate jets Terminal Gate Ramp Start
1301 C none 
1300  39.21451722 -106.86301819 -136.82 misc jets|turboprops|props De-ice Ramp Start
1301 C none 
50 12040 ATIS
51 11885 CTAF
51 12295 UNICOM
52 12375 CLNC DEL
53 12190 GND
54 11885 TWR
1200 
1201  39.21815623 -106.86476275 both 0 _stop
1201  39.21976133 -106.86554344 both 1 _stop
1201  39.22114698 -106.86576743 both 2 _stop
1201  39.22258060 -106.86646963 both 3 _stop
1201  39.21450334 -106.86371753 both 4 A8_start
1201  39.21490264 -106.86389651 both 5 A7_start
1201  39.21699378 -106.86487230 both 6 A6_start
1201  39.21869870 -106.86572279 both 7 A_stop
1201  39.22035824 -106.86650606 both 8 A4_start
1201  39.22325044 -106.86789699 both 9 A_start
1201  39.22579657 -106.86910808 both 10 A_stop
1201  39.22596585 -106.86850992 both 11 _stop
1201  39.22920483 -106.87000424 both 12 _stop
1201  39.22903981 -106.87068630 both 13 A_stop
1201  39.21246946 -106.86259219 both 14 A_stop
1201  39.21264773 -106.86265797 both 15 A_stop
1201  39.22909046 -106.87049507 both 16 A_start
1201  39.22583928 -106.86894580 both 17 A_start(split)
1201  39.22329318 -106.86773189 both 18 A_start(split)(split)
1201  39.22237054 -106.86729463 both 19 A_start(split)(split)(split)
1201  39.22089928 -106.86659758 both 20 A_start(split)(split)(split)(split)
1201  39.22039612 -106.86635834 both 21 A_start(split)(split)(split)
1201  39.21963436 -106.86600076 both 22 A_start(split)(split)(split)(split)
1201  39.21873771 -106.86557158 both 23 A_start(split)(split)(split)
1201  39.21802236 -106.86523381 both 24 A_start(split)(split)(split)(split)
1201  39.21702667 -106.86475240 both 25 A_start(split)(split)(split)(split)
1201  39.21493699 -106.86375306 both 26 A_start(split)(split)(split)(split)
1201  39.21453942 -106.86356368 both 27 A_start(split)(split)(split)(split)
1201  39.21216788 -106.86361383 both 28 Runway_stop
1201  39.22935669 -106.87184470 both 29 Runway_start
1201  39.22879632 -106.87157588 both 30 Runway_start(split)
1201  39.22553746 -106.87001572 both 31 Runway_start(split)(split)
1201  39.22299715 -106.86879995 both 32 Runway_start(split)(split)(split)
1201  39.22008912 -106.86740724 both 33 Runway_start(split)(split)(split)(split)
1201  39.21891199 -106.86684438 both 34 Runway_start(split)(split)(split)(split)(split)
1201  39.21672827 -106.86580171 both 35 Runway_start(split)(split)(split)(split)(split)(split)
1201  39.21468030 -106.86481972 both 36 Runway_start(split)(split)(split)(split)(split)(split)(split)
1201  39.21428201 -106.86462795 both 37 Runway_start(split)(split)(split)(split)(split)(split)(split)(split)
1201  39.21232851 -106.86291887 both 38 A9_stop
1202 0 24 twoway taxiway_E 
1202 1 0 twoway taxiway_E 
1202 22 1 twoway taxiway_E 
1202 2 20 twoway taxiway_E 
1202 3 2 twoway taxiway_E 
1202 19 3 twoway taxiway_E 
1202 8 21 twoway taxiway_E A
1202 6 25 twoway taxiway_E A
1202 5 26 twoway taxiway_E A
1202 4 27 twoway taxiway_E A
1202 4 37 twoway taxiway_E A8
1204 departure 15,33
1204 arrival 15,33
1202 5 36 twoway taxiway_E A7
1204 departure 15,33
1204 arrival 15,33
1202 6 35 twoway taxiway_E A6
1204 departure 15,33
1204 arrival 15,33
1202 7 34 twoway taxiway_E A5
1204 departure 15,33
1204 arrival 15,33
1202 23 7 twoway taxiway_E A
1202 8 33 twoway taxiway_E A4
1204 departure 15,33
1204 arrival 15,33
1202 9 32 twoway taxiway_E A3
1204 departure 15,33
1204 arrival 15,33
1202 9 18 twoway taxiway_E A
1202 10 31 twoway taxiway_E A2
1204 departure 15,33
1204 arrival 15,33
1202 17 10 twoway taxiway_E A
1202 13 30 twoway taxiway_E A1
1204 departure 15,33
1204 arrival 15,33
1202 11 17 twoway taxiway_E 
1202 12 11 twoway taxiway_E 
1202 16 12 twoway taxiway_E 
1202 16 13 twoway taxiway_E A
1202 16 17 twoway taxiway_E A
1202 17 18 twoway taxiway_E A
1202 18 19 twoway taxiway_E A
1202 14 15 twoway taxiway_E A
1202 38 14 twoway taxiway_E A
1202 19 20 twoway taxiway_E A
1202 20 21 twoway taxiway_E A
1202 21 22 twoway taxiway_E A
1202 22 23 twoway taxiway_E A
1202 23 24 twoway taxiway_E A
1202 24 25 twoway taxiway_E A
1202 25 26 twoway taxiway_E A
1202 26 27 twoway taxiway_E A
1202 27 15 twoway taxiway_E A
1202 29 30 twoway runway 15/33
1204 departure 15,33
1204 arrival 15,33
1204 ils 15,33
1202 30 31 twoway runway 15/33
1204 departure 15,33
1204 arrival 15,33
1204 ils 15,33
1202 31 32 twoway runway 15/33
1204 departure 15,33
1204 arrival 15,33
1204 ils 15,33
1202 32 33 twoway runway 15/33
1204 departure 15,33
1204 arrival 15,33
1204 ils 15,33
1202 33 34 twoway runway 15/33
1204 departure 15,33
1204 arrival 15,33
1204 ils 15,33
1202 34 35 twoway runway 15/33
1204 departure 15,33
1204 arrival 15,33
1204 ils 15,33
1202 35 36 twoway runway 15/33
1204 departure 15,33
1204 arrival 15,33
1204 ils 15,33
1202 36 37 twoway runway 15/33
1204 departure 15,33
1204 arrival 15,33
1204 ils 15,33
1202 37 28 twoway runway 15/33
1204 departure 15,33
1204 arrival 15,33
1204 ils 15,33
1202 28 38 twoway taxiway_E A9
1204 departure 15,33
1204 arrival 15,33
99
